5.61368
5.53796
6.78284
6.74862
7.27827
6.92571
6.85186
6.43915
6.77776
6.94796
7.12991
6.85863
7.71638
7.72613
8.00384
8.24564
8.41424
8.62789
8.72732
8.90827
8.89749
8.81023
8.83888
8.67938
8.92742
8.54087
8.09967
8.28239
8.25422
8.21655
8.09102
8.2187
8.14149
8.04251
7.99979
8.03229
8.09863
8.13273
8.16015
8.15164
8.07968
8.06224
8.16112
8.28567
8.97054
8.97212
8.9045
8.81707
8.71005
8.08429
8.24403
8.54995
8.71473
8.93518
9.10657
9.25231
9.36279
9.54943
9.70243
9.82482
9.87119
9.91665
9.96965
10.0406
10.0716
10.1068
10.187
10.7385
10.7992
10.85
11.0946
11.0387
10.9302
10.8593
10.7148
10.6879
10.7878
11.107
11.2177
11.291
11.3608
11.0638
11.0416
11.0077
11.1371
11.2282
11.2359
11.2096
11.183
11.2074
11.1969
11.1841
11.1536
11.1298
11.1234
11.1035
11.1402
11.1841
11.2387
11.2617
11.3119
11.3923
11.4889
11.6018
11.6909
11.8134
11.8794
11.9082
11.918
11.8851
11.8412
11.7622
11.6264
11.5558
11.4321
11.3619
11.3708
11.3991
11.5072
11.5695
11.6638
11.7846
11.8246
11.8336
11.8639
11.9363
11.8791
11.8909
11.8764
11.8599
11.851
11.8592
11.864
11.8222
11.8361
11.8739
11.9691
12.0273
12.0928
12.1561
12.2636
12.3537
12.4513
12.5293
12.5181
12.716
12.6343
12.6814
12.6047
12.5831
12.5656
12.5649
12.574
12.5292
12.5429
12.5911
12.635
12.7793
12.7589
12.8566
12.9107
13.0073
13.0148
13.0667
13.0611
13.0974
13.0787
13.0192
12.9737
12.9205
12.8654
12.7623
12.7028
12.6753
12.6638
12.6039
12.5653
12.6382
12.71
12.713
12.8547
12.9203
12.9556
13.0421
13.0296
13.0018
11.9641
12.1022
12.1859
12.066
12.0895
12.0965
12.18
12.2781
12.39
12.4696
12.6051
12.7189
12.774
12.858
12.9924
13.038
12.9202
12.8403
12.7273
12.72
12.7472
12.6813
12.5857
12.5994
12.6488
12.737
12.6715
12.7095
12.7176
12.785
12.8297
12.7754
12.766
12.8173
12.8641
12.8115
12.765
12.6973
3.8
